1 0.335
1 0.341
1 0.335
1 0.359
1 0.339
1 0.335
1 0.306
1 0.343
1 0.350
1 0.326
1 0.336
1 0.338
1 0.328
1 0.326
1 0.333
1 0.348
1 0.334
1 0.334
1 0.328
1 0.344
1 0.347
1 0.316
1 0.335
1 0.317
1 0.341
1 0.337
1 0.344
1 0.332
1 0.336
1 0.344
1 0.354
1 0.330
1 0.350
1 0.317
1 0.344
1 0.332
1 0.346
1 0.346
1 0.335
1 0.326
1 0.330
1 0.345
1 0.354
1 0.335
1 0.335
1 0.338
1 0.325
1 0.345
1 0.339
1 0.347
1 0.343
1 0.326
1 0.334
1 0.322
1 0.342
1 0.361
1 0.340
1 0.335
1 0.355
1 0.343
1 0.339
1 0.356
1 0.346
1 0.339
1 0.349
1 0.359
1 0.347
1 0.371
1 0.339
1 0.352
1 0.347
1 0.341
1 0.340
1 0.341
1 0.345
1 0.349
1 0.335
1 0.341
1 0.332
1 0.316
1 0.345
1 0.358
1 0.348
1 0.341
1 0.339
1 0.332
1 0.361
1 0.370
1 0.339
1 0.350
1 0.332
1 0.336
1 0.342
1 0.364
1 0.354
1 0.350
1 0.343
1 0.361
1 0.319
1 0.345
1 0.359
1 0.352
1 0.352
1 0.366
1 0.346
1 0.349
1 0.343
1 0.333
1 0.335
1 0.333
1 0.320
1 0.328
1 0.348
1 0.326
1 0.341
1 0.339
1 0.348
1 0.337
1 0.329
1 0.337
1 0.324
1 0.339
1 0.345
1 0.348
1 0.330
1 0.353
1 0.326
1 0.346
1 0.343
1 0.354
1 0.353
1 0.372
1 0.345
1 0.346
1 0.349
1 0.361
1 0.334
1 0.334
1 0.334
1 0.341
1 0.341
1 0.339
1 0.341
1 0.359
1 0.330
1 0.345
1 0.341
1 0.332
1 0.346
1 0.362
1 0.346
1 0.337
1 0.353
1 0.346
1 0.335
1 0.354
1 0.348
1 0.355
1 0.343
1 0.336
1 0.317
1 0.356
1 0.341
1 0.359
1 0.345
1 0.332
1 0.352
1 0.354
1 0.343
1 0.355
1 0.355
1 0.341
1 0.339
1 0.343
1 0.354
1 0.367
1 0.354
1 0.354
1 0.358
1 0.350
1 0.351
1 0.322
1 0.330
1 0.341
1 0.201
1 0.213
1 0.205
1 0.205
1 0.208
1 0.193
1 0.187
1 0.193
1 0.189
1 0.174
1 0.184
1 0.194
1 0.187
1 0.187
1 0.198
1 0.217
1 0.200
1 0.215
1 0.201
1 0.214
1 0.208
1 0.209
1 0.213
1 0.208
1 0.205
1 0.198
1 0.182
1 0.173
1 0.176
1 0.184
1 0.187
1 0.182
1 0.206
1 0.183
1 0.206
1 0.199
1 0.201
1 0.224
1 0.230
1 0.219
1 0.227
1 0.220
1 0.214
1 0.219
1 0.220
1 0.222
1 0.231
1 0.219
1 0.228
1 0.211
1 0.218
1 0.213
1 0.222
1 0.229
1 0.213
1 0.232
1 0.229
1 0.229
1 0.224
1 0.212
1 0.231
1 0.214
1 0.212
1 0.227
1 0.230
1 0.225
1 0.220
1 0.213
1 0.214
1 0.221
1 0.214
1 0.230
1 0.220
1 0.223
1 0.225
1 0.220
1 0.217
1 0.227
1 0.234
1 0.239
1 0.234
1 0.234
1 0.245
1 0.230
1 0.233
1 0.225
1 0.221
1 0.206
1 0.199
1 0.211
1 0.218
1 0.224
1 0.215
1 0.238
1 0.229
1 0.245
1 0.227
1 0.231
1 0.234
1 0.235
1 0.232
1 0.241
1 0.232
1 0.225
1 0.236
1 0.232
1 0.231
1 0.229
1 0.234
0 0.202
0 0.174
0 0.201
0 0.179
0 0.165
0 0.192
0 0.172
0 0.167
0 0.169
0 0.160
0 0.179
0 0.188
0 0.160
0 0.186
0 0.180
0 0.195
0 0.186
0 0.181
0 0.166
0 0.158
0 0.170
0 0.174
0 0.162
0 0.169
0 0.168
0 0.149
0 0.163
0 0.157
0 0.188
0 0.167
0 0.172
0 0.150
0 0.174
0 0.179
0 0.161
0 0.163
0 0.192
0 0.181
0 0.130
0 0.181
0 0.139
0 0.160
0 0.156
0 0.171
0 0.184
0 0.157
0 0.172
0 0.169
0 0.164
0 0.155
0 0.167
0 0.153
0 0.189
0 0.177
0 0.167
0 0.184
0 0.174
0 0.166
0 0.160
0 0.181
0 0.158
0 0.177
0 0.196
0 0.163
0 0.180
0 0.154
0 0.158
0 0.171
0 0.158
0 0.144
0 0.171
0 0.132
0 0.150
0 0.142
0 0.161
0 0.152
0 0.145
0 0.184
0 0.171
0 0.165
0 0.167
0 0.169
0 0.174
0 0.171
0 0.162
0 0.190
0 0.158
0 0.121
0 0.157
0 0.156
0 0.138
0 0.138
0 0.138
0 0.145
0 0.153
0 0.161
0 0.155
0 0.184
0 0.167
0 0.160
0 0.152
0 0.136
0 0.151
0 0.160
0 0.149
0 0.158
0 0.144
0 0.154
0 0.123
0 0.142
0 0.154
0 0.151
0 0.137
0 0.121
0 0.156
0 0.153
0 0.158
0 0.160
0 0.138
0 0.135
0 0.176
0 0.126
0 0.136
0 0.098
0 0.151
0 0.123
0 0.156
0 0.140
0 0.143
0 0.161
0 0.158
0 0.137
0 0.122
0 0.165
0 0.144
0 0.137
0 0.102
0 0.117
0 0.158
0 0.124
0 0.131
0 0.141
0 0.171
0 0.153
0 0.136
0 0.159
0 0.136
0 0.153
0 0.180
0 0.163
0 0.147
0 0.157
0 0.154
0 0.159
0 0.172
0 0.143
0 0.179
0 0.154
0 0.170
0 0.157
0 0.161
0 0.152
0 0.151
0 0.158
0 0.187
0 0.179
0 0.148
0 0.157
0 0.167
0 0.172
0 0.157
0 0.163
0 0.166
0 0.159
0 0.140
0 0.171
0 0.183
0 0.178
0 0.140
0 0.143
0 0.131
0 0.164
0 0.188
0 0.180
0 0.165
0 0.172
0 0.169
0 0.175
0 0.184
0 0.160
0 0.177
0 0.190
0 0.181
0 0.180
0 0.179
0 0.188
0 0.197
0 0.178
0 0.160
0 0.164
0 0.183
0 0.147
0 0.175
0 0.174
0 0.187
0 0.174
1 0.188
1 0.196
1 0.205
1 0.198
1 0.194
1 0.213
1 0.217
1 0.200
1 0.206
1 0.220
1 0.211
1 0.216
1 0.216
1 0.241
1 0.224
1 0.228
1 0.215
1 0.225
1 0.244
1 0.245
1 0.225
1 0.216
1 0.225
1 0.236
1 0.221
1 0.245
1 0.225
1 0.225
1 0.232
1 0.225
1 0.229
1 0.241
1 0.234
1 0.241
1 0.225
1 0.258
1 0.267
1 0.266
1 0.253
1 0.282
1 0.258
1 0.262
1 0.266
1 0.274
1 0.250
1 0.261
1 0.286
1 0.274
1 0.266
1 0.262
1 0.274
1 0.266
1 0.286
1 0.291
1 0.295
1 0.305
1 0.295
1 0.286
1 0.282
1 0.301
1 0.288
1 0.317
1 0.291
1 0.274
1 0.275
1 0.274
1 0.273
1 0.241
1 0.261
1 0.270
1 0.240
1 0.249
1 0.258
1 0.228
1 0.224
1 0.229
1 0.258
1 0.245
1 0.262
1 0.224
1 0.241
1 0.202
1 0.159
1 0.176
1 0.167
1 0.218
1 0.222
1 0.224
1 0.263
1 0.238
1 0.249
1 0.262
1 0.245
1 0.215
1 0.216
1 0.254
1 0.257
1 0.266
1 0.261
1 0.236
1 0.249
1 0.254
1 0.241
1 0.250
1 0.254
1 0.253
1 0.261
1 0.265
1 0.279
1 0.265
1 0.255
1 0.266
1 0.269
1 0.278
1 0.258
1 0.249
1 0.232
1 0.247
1 0.245
1 0.258
1 0.241
1 0.220
1 0.208
1 0.235
1 0.219
1 0.233
1 0.246
1 0.204
1 0.245
1 0.228
1 0.250
1 0.221
1 0.250
1 0.245
1 0.234
1 0.229
1 0.251
1 0.236
1 0.237
1 0.245
1 0.220
1 0.216
1 0.240
1 0.236
1 0.242
1 0.237
1 0.266
1 0.259
1 0.237
1 0.224
1 0.270
1 0.257
1 0.270
1 0.261
1 0.241
1 0.242
1 0.254
1 0.252
1 0.257
1 0.253
1 0.246
1 0.241
1 0.258
1 0.268
1 0.270
1 0.247
1 0.245
1 0.249
1 0.266
1 0.257
1 0.257
1 0.259
1 0.265
1 0.270
1 0.271
1 0.252
1 0.253
1 0.254
1 0.232
1 0.253
1 0.228
1 0.253
1 0.225
1 0.220
1 0.249
1 0.245
1 0.240
1 0.234
1 0.258
1 0.249
1 0.236
1 0.247
1 0.220
1 0.213
1 0.216
1 0.219
1 0.208
1 0.223
1 0.219
1 0.228
1 0.208
1 0.216
1 0.218
1 0.219
1 0.241
1 0.224
1 0.219
1 0.223
1 0.228
1 0.221
1 0.227
1 0.199
1 0.221
1 0.220
1 0.194
1 0.223
1 0.228
1 0.169
1 0.212
1 0.197
1 0.202
1 0.229
1 0.235
1 0.224
1 0.237
1 0.207
1 0.240
1 0.220
1 0.202
1 0.228
1 0.219
1 0.229
1 0.237
1 0.210
1 0.190
1 0.229
1 0.214
1 0.147
1 0.175
1 0.195
1 0.195
1 0.180
1 0.238
1 0.242
1 0.208
1 0.224
1 0.220
1 0.212
1 0.224
1 0.179
1 0.228
1 0.195
1 0.241
1 0.224
1 0.220
1 0.246
1 0.204
1 0.226
1 0.229
1 0.210
1 0.213
1 0.228
1 0.224
1 0.220
1 0.224
1 0.241
1 0.237
1 0.217
1 0.218
1 0.245
1 0.228
1 0.245
1 0.266
1 0.254
1 0.269
1 0.274
1 0.252
1 0.238
1 0.261
1 0.257
1 0.258
1 0.255
1 0.253
1 0.237
1 0.217
1 0.246
1 0.217
1 0.237
1 0.246
1 0.225
1 0.238
1 0.241
1 0.249
1 0.220
1 0.221
1 0.236
1 0.245
1 0.236
1 0.210
1 0.221
1 0.244
1 0.237
1 0.233
1 0.216
1 0.219
1 0.233
1 0.236
1 0.233
1 0.232
1 0.241
1 0.250
1 0.236
1 0.240
1 0.241
1 0.237
1 0.237
1 0.252
1 0.225
1 0.216
1 0.224
1 0.194
1 0.217
1 0.216
1 0.220
1 0.211
1 0.215
1 0.228
1 0.215
1 0.220
1 0.217
1 0.244
1 0.236
1 0.238
1 0.237
1 0.211
1 0.225
1 0.220
1 0.217
1 0.218
1 0.222
1 0.208
1 0.215
1 0.214
1 0.233
1 0.233
1 0.224
1 0.237
1 0.236
1 0.249
1 0.241
1 0.208
1 0.221
1 0.245
1 0.241
1 0.236
1 0.244
1 0.265
1 0.265
1 0.238
1 0.257
1 0.263
1 0.269
1 0.250
1 0.224
1 0.240
1 0.249
1 0.269
1 0.240
1 0.250
1 0.278
1 0.237
1 0.262
1 0.241
1 0.227
1 0.245
1 0.240
1 0.249
1 0.241
1 0.257
1 0.257
1 0.257
1 0.257
1 0.250
1 0.266
1 0.281
1 0.258
1 0.241
1 0.271
1 0.258
1 0.197
1 0.240
1 0.213
1 0.149
1 0.157
1 0.126
1 0.137
1 0.175
1 0.131
1 0.155
1 0.170
1 0.174
1 0.166
1 0.194
1 0.174
1 0.187
1 0.161
1 0.167
1 0.197
1 0.185
1 0.198
1 0.175
1 0.203
1 0.187
1 0.206
1 0.211
1 0.241
1 0.232
1 0.228
1 0.216
1 0.233
1 0.241
1 0.258
1 0.257
1 0.232
1 0.258
1 0.224
1 0.224
1 0.234
1 0.224
1 0.229
1 0.245
1 0.232
1 0.221
1 0.224
1 0.228
1 0.223
1 0.231
1 0.233
1 0.249
1 0.231
1 0.238
1 0.225
1 0.233
1 0.231
1 0.236
1 0.208
1 0.203
1 0.233
1 0.218
1 0.184
1 0.198
1 0.209
1 0.200
1 0.195
1 0.211
1 0.216
1 0.199
1 0.203
1 0.215
1 0.192
1 0.202
1 0.192
1 0.195
1 0.219
1 0.204
1 0.191
